YEAR  CanESM5  CNRM-ESM2-1  IPSL-CM6A-LR  UKESM1-0-LL 
1851.00 0.3248 0.1517 -0.3308 -0.1760      
1852.00 0.1864 -0.2179 -0.0589 0.1271      
1853.00 0.0517 0.3872 0.0225 -0.5332      
1854.00 0.2096 0.0365 -0.0165 -0.5368      
1855.00 -0.0822 0.1642 -0.0434 1.6239      
1856.00 0.1731 -0.2901 -0.0556 -0.1079      
1857.00 0.6976 0.4044 0.0205 -0.1645      
1858.00 0.3205 0.6292 0.2595 0.0529      
1859.00 0.1870 0.1036 0.0500 -0.1073      
1860.00 0.1591 0.1691 -0.0148 -0.2915      
1861.00 0.8181 0.7630 0.2573 0.6837      
1862.00 0.9076 1.1527 0.5249 1.4620      
1863.00 0.7213 0.6727 0.2198 0.6205      
1864.00 0.6745 -0.3200 0.1336 0.5779      
1865.00 0.7729 0.6018 0.2190 0.6115      
1866.00 0.3513 0.7263 0.5167 0.3423      
1867.00 0.5541 0.6174 0.1038 0.5397      
1868.00 0.7200 0.4862 0.2020 1.0164      
1869.00 0.5697 0.5602 0.1793 0.9496      
1870.00 0.6562 0.5735 0.3035 -0.1329      
1871.00 0.3474 0.3145 0.1271 0.2780      
1872.00 0.8335 0.3075 0.0787 -0.2782      
1873.00 1.0181 0.3182 0.2992 -0.1146      
1874.00 0.4940 1.0174 0.4478 0.6196      
1875.00 0.8634 0.9591 0.5984 0.9770      
1876.00 0.6121 1.0158 0.4857 0.6150      
1877.00 0.6655 0.9478 0.3111 0.1799      
1878.00 0.7350 0.4778 0.4903 0.2454      
1879.00 0.7195 1.1774 0.4681 1.1982      
1880.00 0.6365 0.4361 0.4265 0.9272      
1881.00 0.9425 0.5867 0.7278 0.3470      
1882.00 1.0245 0.9684 0.6142 1.5940      
1883.00 1.0605 1.5803 0.5072 0.9855      
1884.00 1.4477 1.3971 1.1478 1.3795      
1885.00 1.1211 1.4798 0.8631 1.0760      
1886.00 0.9710 1.0556 1.1405 1.4958      
1887.00 1.1733 1.4048 0.8745 0.6629      
1888.00 0.9717 1.3838 0.7641 0.1455      
1889.00 0.7377 1.7317 0.8739 0.3633      
1890.00 0.8647 1.2425 1.0614 0.8051      
1891.00 0.9513 1.6594 0.9721 0.7151      
1892.00 1.3261 1.3458 0.8612 0.4959      
1893.00 1.1969 0.6246 0.6383 0.4528      
1894.00 0.9177 1.2584 0.5993 1.0327      
1895.00 0.7400 1.5842 0.6336 1.3643      
1896.00 0.7285 0.9303 1.0510 1.5498      
1897.00 0.8066 0.4830 0.7271 0.6024      
1898.00 0.8898 1.1977 0.8317 -0.1290      
1899.00 1.0106 1.9246 1.0276 1.8712      
1900.00 1.2829 1.4408 1.1446 1.5640      
1901.00 1.1058 1.6332 0.8784 1.1553      
1902.00 0.8645 1.7411 0.9618 0.2148      
1903.00 0.8065 1.4947 1.1030 1.2438      
1904.00 1.0032 1.1597 0.8662 0.7150      
1905.00 0.9702 1.9468 1.1369 1.3062      
1906.00 0.8994 2.1855 1.2177 1.4013      
1907.00 1.2912 1.2159 1.2914 0.9468      
1908.00 0.8797 1.4794 1.1616 1.0846      
1909.00 1.2617 2.2913 1.4026 0.6985      
1910.00 1.2171 2.0492 1.3399 1.6949      
1911.00 0.8497 2.1456 1.3458 0.1684      
1912.00 1.0138 2.4198 1.5239 0.5851      
1913.00 1.9743 2.4691 1.5823 1.6933      
1914.00 1.4202 2.6466 1.6580 1.4533      
1915.00 1.0668 2.6516 1.6469 0.8085      
1916.00 1.5320 2.3057 1.9757 1.6687      
1917.00 1.6836 2.5278 1.7241 1.4325      
1918.00 1.1161 2.6261 1.3178 1.2476      
1919.00 1.2093 2.2314 1.1642 0.9286      
1920.00 1.4935 2.8734 1.6088 0.9478      
1921.00 1.1093 1.6872 1.5391 1.5166      
1922.00 0.9629 1.9979 1.3927 0.7741      
1923.00 1.0767 1.7713 1.4844 0.3892      
1924.00 1.5071 2.7105 1.3937 0.9510      
1925.00 0.5406 1.9295 0.9234 0.0356      
1926.00 0.5245 1.4969 0.8481 0.2875      
1927.00 0.5686 1.7838 1.0772 1.0394      
1928.00 0.7079 1.1133 0.5871 1.2183      
1929.00 0.5588 1.8117 0.9993 0.6654      
1930.00 0.2098 1.6776 0.8694 -1.4345      
1931.00 0.7076 0.9758 0.8347 1.1118      
1932.00 1.0093 2.0469 1.0650 1.7147      
1933.00 0.8027 1.9047 1.1711 0.8275      
1934.00 0.9936 1.7016 1.3820 1.1352      
1935.00 1.3325 2.2454 1.5092 1.7413      
1936.00 1.7928 2.2750 2.0762 1.9708      
1937.00 1.9744 2.6615 2.2243 1.7437      
1938.00 1.5098 2.4854 1.9903 1.5679      
1939.00 1.1560 2.9534 1.8479 0.7109      
1940.00 1.2058 2.5415 1.8218 1.2087      
1941.00 1.2282 2.5601 1.6199 1.8953      
1942.00 1.1075 1.9795 1.3429 0.9723      
1943.00 0.7870 2.4136 1.0937 0.6641      
1944.00 0.0094 1.4687 0.4985 -0.2973      
1945.00 0.0949 1.3276 0.4682 -0.3398      
1946.00 -0.0651 1.6301 0.6177 1.5533      
1947.00 0.1370 0.5548 0.4364 1.3027      
1948.00 0.1186 1.1418 0.1261 0.0633      
1949.00 0.1111 1.4759 0.5596 0.4247      
1950.00 -0.1795 1.6688 0.3887 0.3324      
1951.00 0.0341 2.0908 0.4492 -0.5938      
1952.00 0.7003 1.6337 0.9157 0.4192      
1953.00 0.9265 2.0369 0.8651 1.1045      
1954.00 0.8292 1.4992 1.0984 0.7939      
1955.00 0.3153 1.6821 0.7642 0.8826      
1956.00 0.4913 1.7338 0.5676 1.0168      
1957.00 0.4906 0.7488 0.4114 -0.0702      
1958.00 0.6887 1.8979 0.7760 0.4038      
1959.00 0.6065 1.9090 1.2063 0.9451      
1960.00 1.4860 3.1055 1.7544 1.0369      
1961.00 1.2802 2.7464 1.9155 2.1786      
1962.00 1.5652 3.3877 2.3427 1.6618      
1963.00 1.6717 3.3376 1.9043 1.4694      
1964.00 1.7535 3.7740 2.4595 3.0169      
1965.00 1.2187 2.7097 1.9650 2.1167      
1966.00 2.9689 4.3527 3.0468 2.4340      
1967.00 1.7419 2.8037 1.6800 2.2104      
1968.00 2.1795 4.0485 2.7767 2.6081      
1969.00 1.9539 3.6099 2.8820 2.2759      
1970.00 3.7513 6.3047 4.4095 3.9709      
1971.00 1.5866 4.1601 2.6689 1.7075      
1972.00 4.7183 6.4781 5.3640 4.6415      
1973.00 6.4027 8.5198 6.9878 7.0262      
1974.00 2.8419 4.4163 3.3002 3.4993      
1975.00 1.0433 2.8638 1.8675 2.0303      
1976.00 2.6312 4.0836 3.0764 2.9127      
1977.00 5.2392 6.4306 5.7539 5.4979      
1978.00 4.5275 6.7015 5.3943 4.5585      
1979.00 4.4712 6.2534 5.0519 4.3069      
1980.00 5.3091 7.6501 6.2189 5.6621      
1981.00 3.9071 5.4489 4.9673 4.5960      
1982.00 2.4811 4.2202 3.3166 2.8784      
1983.00 4.8916 6.4384 5.6575 5.5581      
1984.00 4.8475 6.8929 5.8953 5.0899      
1985.00 4.6627 6.2904 5.3371 5.5426      
1986.00 4.7818 5.7960 5.3864 4.5917      
1987.00 5.6912 7.7171 6.3296 6.4491      
1988.00 6.9664 8.7636 7.8598 8.5269      
1989.00 5.0712 7.0546 5.8250 5.3645      
1990.00 4.0375 5.5556 5.0586 4.6205      
1991.00 4.3250 6.6077 5.5118 5.6877      
1992.00 4.5514 5.5887 4.7688 5.9075      
1993.00 3.7591 5.7569 4.4127 3.9011      
1994.00 5.1777 6.3990 5.8969 5.0481      
1995.00 6.9381 8.4348 7.3861 7.0276      
1996.00 6.3804 7.6684 6.8763 6.1614      
1997.00 5.0328 6.3047 5.3914 4.6506      
1998.00 8.4014 9.4452 9.0943 7.8715      
1999.00 7.0100 8.3282 7.4821 6.6148      
2000.00 5.0526 6.5977 5.6921 6.0036      
2001.00 4.8768 6.7456 6.3148 5.3475      
2002.00 6.1307 9.6805 8.1751 6.4008      
2003.00 7.7346 9.6085 8.7978 8.1897      
2004.00 6.0623 7.5269 6.7576 6.4085      
2005.00 6.8202 8.2356 7.6806 8.0355      
2006.00 7.4449 9.2012 8.0700 7.7713      
2007.00 6.6019 7.6092 7.3147 6.4918      
2008.00 7.3795 8.7517 8.6216 7.6846      
2009.00 5.8645 7.7662 6.6456 7.0466      
2010.00 8.0971 8.9433 8.3300 9.1209      
2011.00 7.5245 8.7546 8.5384 7.6579      
2012.00 6.9760 8.6051 8.5037 7.1816      
2013.00 8.4459 10.0157 9.3118 9.3371      
2014.00 6.6994 8.8648 7.6186 6.6623      
2015.00 8.5054 9.8868 9.9869 8.4244      
2016.00 10.6771 11.3001 10.7658 10.3661      
2017.00 9.2158 11.0091 10.2146 9.7850      
2018.00 9.9410 10.7287 11.6231 10.3243      
2019.00 10.8602 12.3396 10.4002 10.3416      
2020.00 11.1596 12.7157 11.8005 10.4415      
2021.00 11.0984 12.1642 10.1720 11.1398      
2022.00 11.8418 12.3255 11.8493 11.1641      
2023.00 11.8443 13.2868 12.4371 11.8639      
2024.00 12.1518 14.3666 12.2229 12.5072      
2025.00 13.0538 13.2906 13.1211 11.6168      
2026.00 13.1899 13.5474 12.8518 12.4549      
2027.00 13.0863 15.1021 12.8285 13.0054      
2028.00 13.7786 14.3942 14.0433 12.9247      
2029.00 14.4884 16.0854 13.9247 13.1289      
2030.00 14.5551 15.5816 13.6729 13.7928      
2031.00 15.1364 15.2933 15.3414 13.8335      
2032.00 15.8104 16.5625 15.3957 15.2745      
2033.00 15.9401 16.4088 15.4583 15.4930      
2034.00 16.8152 17.9531 15.4823 14.3617      
2035.00 16.9725 16.5240 16.1396 15.8028      
2036.00 16.5712 17.2284 17.3127 15.9598      
2037.00 17.5575 18.7933 18.1270 15.0140      
2038.00 18.8252 18.4114 16.9559 16.6532      
2039.00 18.6513 18.6339 17.1775 16.8568      
2040.00 19.1513 18.7254 17.4587 16.3465      
2041.00 20.1484 20.1388 17.6069 16.7111      
2042.00 20.4053 20.3285 17.7363 18.0233      
2043.00 19.6106 19.2002 20.0183 16.7229      
2044.00 19.8809 19.6970 17.6559 16.4959      
2045.00 19.0842 18.7516 17.3616 16.9872      
2046.00 19.8091 17.0962 16.0087 16.3607      
2047.00 19.2197 18.2084 16.6812 14.9437      
2048.00 16.3838 16.2911 17.7171 13.5096      
2049.00 16.3799 17.4309 14.6768 14.1267      
2050.00 18.4245 15.5811 14.7250 14.5966      
2051.00 15.2995 14.8436 15.3576 11.7181      
2052.00 14.9303 15.4238 15.1592 12.3973      
2053.00 13.9682 13.4261 11.2077 12.2691      
2054.00 11.5409 13.1567 11.7217 11.2224      
2055.00 9.5148 11.4363 11.8411 9.2215      
2056.00 9.8184 10.3343 7.7999 7.9127      
2057.00 11.6169 11.1256 9.5901 7.6577      
2058.00 9.0883 9.0366 7.7190 6.9821      
2059.00 5.4827 8.1502 8.4884 5.5495      
2060.00 5.1264 7.1184 6.0685 4.3180      
2061.00 3.6664 7.4726 4.9646 3.5690      
2062.00 3.1065 7.1266 6.0448 3.4974      
2063.00 5.1248 5.8702 5.7080 2.5645      
2064.00 4.3339 5.3249 2.3572 2.0897      
2065.00 2.2861 5.0958 3.9384 0.7573      
2066.00 1.0979 4.1739 2.5274 0.6925      
2067.00 0.1208 4.0567 1.1912 0.8262      
2068.00 -0.5923 3.5518 0.5890 -0.5604      
2069.00 0.1903 1.9063 1.3259 -0.2830      
2070.00 0.1001 1.5115 1.5494 -0.7273      
2071.00 -1.0674 1.4314 0.1644 -2.7124      
2072.00 -2.8277 0.5934 -0.4501 -2.1875      
2073.00 -1.5068 0.9551 -1.2906 -2.3594      
2074.00 -0.5720 1.2343 -1.2886 -1.8514      
2075.00 -0.7600 1.1350 0.3742 -2.3752      
2076.00 -2.5956 -1.3697 -0.2937 -2.4774      
2077.00 -3.0489 0.3717 -2.5665 -3.4477      
2078.00 -1.4795 0.2822 -1.3815 -3.3734      
2079.00 -2.5559 -0.4666 -0.9142 -2.7849      
2080.00 -2.7910 -1.3115 -1.6536 -3.9792      
2081.00 -3.3297 -1.1404 -4.3752 -3.7715      
2082.00 -5.5540 -1.4901 -0.7757 -3.8031      
2083.00 -4.3506 -1.6489 -2.1301 -4.2595      
2084.00 -2.2325 -1.6513 -1.0895 -3.4278      
2085.00 -3.5096 -0.5530 -2.0016 -5.0136      
2086.00 -5.8754 -2.6015 -2.0678 -4.9215      
2087.00 -5.9428 -1.8526 -3.5236 -4.1425      
2088.00 -3.9456 -2.8962 -2.3777 -4.6004      
2089.00 -2.9027 -1.0426 -2.5014 -4.5716      
2090.00 -4.9572 -2.1534 -4.2609 -3.6878      
2091.00 -5.4929 -3.4393 -4.9933 -4.7248      
2092.00 -4.6199 -2.5349 -1.4010 -5.2194      
2093.00 -5.5899 -2.7846 -1.8486 -5.0600      
2094.00 -5.0653 -3.5114 -4.4087 -4.8021      
2095.00 -3.5090 -2.2478 -3.4646 -4.6721      
2096.00 -5.7304 -3.0819 -3.6427 -5.1407      
2097.00 -6.8508 -3.1280 -4.7339 -4.9203      
2098.00 -5.5212 -2.6889 -2.8025 -4.4888      
2099.00 -5.3681 -3.4451 -3.6142 -5.2906      
2100.00 -4.3958 -3.0757 -2.7316 -4.8244      
