YEAR   CanESM5   CNRM-ESM2-1   IPSL-CM6A-LR   MIROC-ES2L   UKESM1-0-LL 
1851.00 0.3248 0.1517 -0.3308 -1.5733 -0.1760 
1852.00 0.1864 -0.2179 -0.0589 -0.7535 0.1271 
1853.00 0.0517 0.3872 0.0225 -1.2334 -0.5332 
1854.00 0.2096 0.0365 -0.0165 -1.0952 -0.5368 
1855.00 -0.0822 0.1642 -0.0434 -1.1586 1.6239 
1856.00 0.1731 -0.2901 -0.0556 -1.2394 -0.1079 
1857.00 0.6976 0.4044 0.0205 -1.0352 -0.1645 
1858.00 0.3205 0.6292 0.2595 -1.4859 0.0529 
1859.00 0.1870 0.1036 0.0500 -0.8789 -0.1073 
1860.00 0.1591 0.1691 -0.0148 -0.5634 -0.2915 
1861.00 0.8181 0.7630 0.2573 -0.6556 0.6837 
1862.00 0.9076 1.1527 0.5249 0.7144 1.4620 
1863.00 0.7213 0.6727 0.2198 0.3255 0.6205 
1864.00 0.6745 -0.3200 0.1336 -0.4149 0.5779 
1865.00 0.7729 0.6018 0.2190 -1.6064 0.6115 
1866.00 0.3513 0.7263 0.5167 -0.5029 0.3423 
1867.00 0.5541 0.6174 0.1038 0.4934 0.5397 
1868.00 0.7200 0.4862 0.2020 0.7369 1.0164 
1869.00 0.5697 0.5602 0.1793 0.5513 0.9496 
1870.00 0.6562 0.5735 0.3035 -0.4132 -0.1329 
1871.00 0.3474 0.3145 0.1271 -0.7467 0.2780 
1872.00 0.8335 0.3075 0.0787 -1.4045 -0.2782 
1873.00 1.0181 0.3182 0.2992 -0.7934 -0.1146 
1874.00 0.4940 1.0174 0.4478 0.2662 0.6196 
1875.00 0.8634 0.9591 0.5984 0.8191 0.9770 
1876.00 0.6121 1.0158 0.4857 -1.1458 0.6150 
1877.00 0.6655 0.9478 0.3111 -0.4291 0.1799 
1878.00 0.7350 0.4778 0.4903 0.6173 0.2454 
1879.00 0.7195 1.1774 0.4681 0.8037 1.1982 
1880.00 0.6365 0.4361 0.4265 0.0610 0.9272 
1881.00 0.9425 0.5867 0.7278 0.8502 0.3470 
1882.00 1.0245 0.9684 0.6142 0.8402 1.5940 
1883.00 1.0605 1.5803 0.5072 0.6092 0.9855 
1884.00 1.4477 1.3971 1.1478 1.9960 1.3795 
1885.00 1.1211 1.4798 0.8631 1.1124 1.0760 
1886.00 0.9710 1.0556 1.1405 1.7990 1.4958 
1887.00 1.1733 1.4048 0.8745 1.3300 0.6629 
1888.00 0.9717 1.3838 0.7641 -0.2688 0.1455 
1889.00 0.7377 1.7317 0.8739 1.6112 0.3633 
1890.00 0.8647 1.2425 1.0614 1.2261 0.8051 
1891.00 0.9513 1.6594 0.9721 1.2080 0.7151 
1892.00 1.3261 1.3458 0.8612 0.3641 0.4959 
1893.00 1.1969 0.6246 0.6383 0.0169 0.4528 
1894.00 0.9177 1.2584 0.5993 1.2773 1.0327 
1895.00 0.7400 1.5842 0.6336 1.2747 1.3643 
1896.00 0.7285 0.9303 1.0510 -0.0832 1.5498 
1897.00 0.8066 0.4830 0.7271 -0.0135 0.6024 
1898.00 0.8898 1.1977 0.8317 0.1968 -0.1290 
1899.00 1.0106 1.9246 1.0276 0.7051 1.8712 
1900.00 1.2829 1.4408 1.1446 0.9628 1.5640 
1901.00 1.1058 1.6332 0.8784 0.0430 1.1553 
1902.00 0.8645 1.7411 0.9618 -0.6646 0.2148 
1903.00 0.8065 1.4947 1.1030 2.0639 1.2438 
1904.00 1.0032 1.1597 0.8662 0.8778 0.7150 
1905.00 0.9702 1.9468 1.1369 0.3287 1.3062 
1906.00 0.8994 2.1855 1.2177 0.9126 1.4013 
1907.00 1.2912 1.2159 1.2914 1.0009 0.9468 
1908.00 0.8797 1.4794 1.1616 0.1493 1.0846 
1909.00 1.2617 2.2913 1.4026 0.8138 0.6985 
1910.00 1.2171 2.0492 1.3399 0.2011 1.6949 
1911.00 0.8497 2.1456 1.3458 0.3690 0.1684 
1912.00 1.0138 2.4198 1.5239 0.9878 0.5851 
1913.00 1.9743 2.4691 1.5823 1.7692 1.6933 
1914.00 1.4202 2.6466 1.6580 2.5100 1.4533 
1915.00 1.0668 2.6516 1.6469 1.1559 0.8085 
1916.00 1.5320 2.3057 1.9757 0.5989 1.6687 
1917.00 1.6836 2.5278 1.7241 1.0375 1.4325 
1918.00 1.1161 2.6261 1.3178 1.6026 1.2476 
1919.00 1.2093 2.2314 1.1642 1.4156 0.9286 
1920.00 1.4935 2.8734 1.6088 0.6193 0.9478 
1921.00 1.1093 1.6872 1.5391 0.5964 1.5166 
1922.00 0.9629 1.9979 1.3927 0.3632 0.7741 
1923.00 1.0767 1.7713 1.4844 1.0686 0.3892 
1924.00 1.5071 2.7105 1.3937 0.0308 0.9510 
1925.00 0.5406 1.9295 0.9234 0.7407 0.0356 
1926.00 0.5245 1.4969 0.8481 0.7699 0.2875 
1927.00 0.5686 1.7838 1.0772 1.0324 1.0394 
1928.00 0.7079 1.1133 0.5871 -0.0430 1.2183 
1929.00 0.5588 1.8117 0.9993 0.3807 0.6654 
1930.00 0.2098 1.6776 0.8694 -0.8867 -1.4345 
1931.00 0.7076 0.9758 0.8347 0.6980 1.1118 
1932.00 1.0093 2.0469 1.0650 0.6645 1.7147 
1933.00 0.8027 1.9047 1.1711 1.0562 0.8275 
1934.00 0.9936 1.7016 1.3820 0.9306 1.1352 
1935.00 1.3325 2.2454 1.5092 0.8845 1.7413 
1936.00 1.7928 2.2750 2.0762 1.8452 1.9708 
1937.00 1.9744 2.6615 2.2243 2.3638 1.7437 
1938.00 1.5098 2.4854 1.9903 1.1667 1.5679 
1939.00 1.1560 2.9534 1.8479 0.9635 0.7109 
1940.00 1.2058 2.5415 1.8218 -0.5869 1.2087 
1941.00 1.2282 2.5601 1.6199 0.9983 1.8953 
1942.00 1.1075 1.9795 1.3429 1.7096 0.9723 
1943.00 0.7870 2.4136 1.0937 1.6851 0.6641 
1944.00 0.0094 1.4687 0.4985 -0.8764 -0.2973 
1945.00 0.0949 1.3276 0.4682 -2.1231 -0.3398 
1946.00 -0.0651 1.6301 0.6177 0.4087 1.5533 
1947.00 0.1370 0.5548 0.4364 1.2973 1.3027 
1948.00 0.1186 1.1418 0.1261 0.9787 0.0633 
1949.00 0.1111 1.4759 0.5596 -0.4648 0.4247 
1950.00 -0.1795 1.6688 0.3887 -0.5908 0.3324 
1951.00 0.0341 2.0908 0.4492 0.9507 -0.5938 
1952.00 0.7003 1.6337 0.9157 0.8428 0.4192 
1953.00 0.9265 2.0369 0.8651 -0.3863 1.1045 
1954.00 0.8292 1.4992 1.0984 -0.7417 0.7939 
1955.00 0.3153 1.6821 0.7642 0.8010 0.8826 
1956.00 0.4913 1.7338 0.5676 0.7220 1.0168 
1957.00 0.4906 0.7488 0.4114 -0.2736 -0.0702 
1958.00 0.6887 1.8979 0.7760 -0.0132 0.4038 
1959.00 0.6065 1.9090 1.2063 1.2177 0.9451 
1960.00 1.4860 3.1055 1.7544 2.7165 1.0369 
1961.00 1.2802 2.7464 1.9155 1.7740 2.1786 
1962.00 1.5652 3.3877 2.3427 2.2398 1.6618 
1963.00 1.6717 3.3376 1.9043 4.0423 1.4694 
1964.00 1.7535 3.7740 2.4595 4.2971 3.0169 
1965.00 1.2187 2.7097 1.9650 3.1055 2.1167 
1966.00 2.9689 4.3527 3.0468 2.8203 2.4340 
1967.00 1.7419 2.8037 1.6800 1.6158 2.2104 
1968.00 2.1795 4.0485 2.7767 4.5143 2.6081 
1969.00 1.9539 3.6099 2.8820 4.1612 2.2759 
1970.00 3.7513 6.3047 4.4095 5.0893 3.9709 
1971.00 1.5866 4.1601 2.6689 3.5872 1.7075 
1972.00 4.7183 6.4781 5.3640 5.8832 4.6415 
1973.00 6.4027 8.5198 6.9878 8.7050 7.0262 
1974.00 2.8419 4.4163 3.3002 4.3371 3.4993 
1975.00 1.0433 2.8638 1.8675 2.3187 2.0303 
1976.00 2.6312 4.0836 3.0764 2.5190 2.9127 
1977.00 5.2392 6.4306 5.7539 7.3407 5.4979 
1978.00 4.5275 6.7015 5.3943 7.7034 4.5585 
1979.00 4.4712 6.2534 5.0519 7.2029 4.3069 
1980.00 5.3091 7.6501 6.2189 7.6251 5.6621 
1981.00 3.9071 5.4489 4.9673 5.1101 4.5960 
1982.00 2.4811 4.2202 3.3166 4.7276 2.8784 
1983.00 4.8916 6.4384 5.6575 7.4011 5.5581 
1984.00 4.8475 6.8929 5.8953 7.3901 5.0899 
1985.00 4.6627 6.2904 5.3371 7.2751 5.5426 
1986.00 4.7818 5.7960 5.3864 6.7864 4.5917 
1987.00 5.6912 7.7171 6.3296 8.2676 6.4491 
1988.00 6.9664 8.7636 7.8598 9.1248 8.5269 
1989.00 5.0712 7.0546 5.8250 8.3310 5.3645 
1990.00 4.0375 5.5556 5.0586 7.2556 4.6205 
1991.00 4.3250 6.6077 5.5118 6.3151 5.6877 
1992.00 4.5514 5.5887 4.7688 7.3626 5.9075 
1993.00 3.7591 5.7569 4.4127 6.1386 3.9011 
1994.00 5.1777 6.3990 5.8969 8.2639 5.0481 
1995.00 6.9381 8.4348 7.3861 9.1569 7.0276 
1996.00 6.3804 7.6684 6.8763 8.1648 6.1614 
1997.00 5.0328 6.3047 5.3914 5.5787 4.6506 
1998.00 8.4014 9.4452 9.0943 9.5599 7.8715 
1999.00 7.0100 8.3282 7.4821 9.1484 6.6148 
2000.00 5.0526 6.5977 5.6921 6.8754 6.0036 
2001.00 4.8768 6.7456 6.3148 6.5587 5.3475 
2002.00 6.1307 9.6805 8.1751 7.9802 6.4008 
2003.00 7.7346 9.6085 8.7978 10.0494 8.1897 
2004.00 6.0623 7.5269 6.7576 7.5662 6.4085 
2005.00 6.8202 8.2356 7.6806 7.6808 8.0355 
2006.00 7.4449 9.2012 8.0700 9.9457 7.7713 
2007.00 6.6019 7.6092 7.3147 8.0980 6.4918 
2008.00 7.3795 8.7517 8.6216 9.6865 7.6846 
2009.00 5.8645 7.7662 6.6456 8.2895 7.0466 
2010.00 8.0971 8.9433 8.3300 9.4250 9.1209 
2011.00 7.5245 8.7546 8.5384 9.3818 7.6579 
2012.00 6.9760 8.6051 8.5037 8.2584 7.1816 
2013.00 8.4459 10.0157 9.3118 10.1129 9.3371 
2014.00 6.6994 8.8648 7.6186 10.0475 6.6623 
2015.00 8.6434 9.8610 9.5406 8.0038 9.0726 
2016.00 10.6563 11.9001 11.0207 13.8974 9.9817 
2017.00 9.8460 10.9652 9.7886 13.4986 9.4712 
2018.00 10.9541 11.1952 11.5794 13.0553 10.1723 
2019.00 10.6551 11.3608 11.2877 12.4538 10.6417 
2020.00 10.6474 11.1377 10.9110 8.3563 9.9779 
2021.00 11.1521 11.1311 11.5704 11.2741 10.9536 
2022.00 10.9505 11.6464 10.3722 12.6512 10.6767 
2023.00 10.4327 10.5495 10.1827 11.9047 10.1829 
2024.00 9.9825 9.7731 9.5587 10.7027 8.6912 
2025.00 10.0522 10.1165 9.6171 9.2609 7.7296 
2026.00 9.4702 9.2987 9.3076 6.2935 8.2398 
2027.00 9.2352 8.8807 9.0642 9.9251 7.4796 
2028.00 8.2339 8.9822 7.5046 9.7705 7.6214 
2029.00 7.6500 7.7959 7.8697 8.3902 7.1150 
2030.00 7.5981 7.8484 6.9622 7.2929 6.4298 
2031.00 7.7157 7.4036 6.1759 4.1475 6.5584 
2032.00 7.0419 6.7323 8.1508 6.0730 5.2601 
2033.00 6.5409 6.5237 6.0704 7.1844 5.8368 
2034.00 6.8532 5.3768 5.0241 5.7887 5.1284 
2035.00 5.8211 5.2323 6.4051 4.2500 5.5212 
2036.00 5.6918 6.4971 6.2930 2.5803 4.2473 
2037.00 5.6907 4.4177 4.5967 3.8030 2.8881 
2038.00 4.6659 4.6217 5.2207 4.1984 4.0034 
2039.00 3.7887 4.3427 3.5064 4.8482 3.6424 
2040.00 4.6039 4.0215 3.2943 4.3332 3.0860 
2041.00 4.3246 4.7077 5.0205 0.2401 3.7096 
2042.00 2.6330 3.0528 4.8311 2.4417 3.4554 
2043.00 3.5844 4.5039 4.1229 4.4357 1.1320 
2044.00 4.0539 3.4653 3.6955 4.0740 1.0054 
2045.00 3.0096 3.1532 2.3554 0.1852 2.1852 
2046.00 2.6020 3.8981 2.9533 1.2078 1.7337 
2047.00 2.7395 2.6782 2.3696 2.0648 1.7131 
2048.00 2.4132 2.8588 1.9826 2.6496 1.2945 
2049.00 2.0988 2.4062 2.0480 2.3671 2.1220 
2050.00 1.9767 2.0233 2.4357 -0.8851 1.1421 
2051.00 1.8804 1.3753 1.9327 1.1772 1.3283 
2052.00 1.5343 1.7524 2.1774 1.1897 0.9035 
2053.00 1.3533 2.8767 0.4430 1.5418 -0.3289 
2054.00 0.9124 1.9717 1.6209 -1.1779 0.7280 
2055.00 1.5684 1.6685 2.3943 1.3154 -0.0544 
2056.00 0.8587 1.5674 1.9059 1.6080 -0.6149 
2057.00 0.1544 1.7618 1.1189 0.9141 -0.4823 
2058.00 -0.0096 0.6735 1.0788 0.7894 0.9074 
2059.00 1.1635 1.1408 1.2810 -0.9610 -0.3936 
2060.00 0.0036 1.3164 0.5329 0.2544 -0.2000 
2061.00 0.2858 0.9555 1.2524 1.1660 0.1983 
2062.00 0.2613 1.5854 0.9799 0.6670 -0.3410 
2063.00 -0.0491 0.4464 0.7931 -2.1466 -0.0288 
2064.00 -0.2557 0.7742 0.9081 0.8551 -0.3840 
2065.00 -0.7920 0.1012 0.6014 1.7357 -0.2782 
2066.00 -0.3845 1.4526 -0.1100 1.8214 -0.5039 
2067.00 -0.2774 -0.2482 0.1743 -1.6124 -0.0550 
2068.00 -0.2286 0.2277 0.7053 -2.7734 -0.2574 
2069.00 -0.0350 0.1844 -0.3368 -0.1918 -1.6437 
2070.00 -0.2182 0.3730 -0.3793 0.9825 -0.6447 
2071.00 -2.4563 -0.1904 -0.4190 -0.1800 -0.7829 
2072.00 -1.4478 -0.0450 0.3860 -1.3242 -0.6963 
2073.00 -0.9431 -0.9818 -0.0202 -4.1471 -1.1407 
2074.00 -0.9982 -0.1657 -0.9916 -1.5696 -1.8944 
2075.00 -1.8737 -0.7113 0.4580 -0.0232 -1.6597 
2076.00 -1.4575 -0.3331 -1.8070 -0.8260 -0.9003 
2077.00 -2.0835 -0.8012 -0.5191 -2.1154 -1.3990 
2078.00 -2.1371 -0.1629 0.7786 -4.3796 -1.4949 
2079.00 -2.0176 -0.6483 -0.4982 -0.7634 -1.4804 
2080.00 -1.8401 -1.2955 -1.0725 0.7362 -2.1807 
2081.00 -2.0708 -0.5989 -1.3942 0.5557 -1.4612 
2082.00 -1.8037 -0.8888 -0.7228 -3.3360 -2.3419 
2083.00 -1.6389 -0.8156 -1.3689 -2.6869 -3.2106 
2084.00 -2.5461 -1.4298 -1.9422 -2.3333 -1.8482 
2085.00 -2.8177 -1.6061 -0.3262 -1.8115 -1.6333 
2086.00 -1.7073 -1.0329 -0.2252 -1.8965 -2.0475 
2087.00 -2.3212 -1.3607 -1.8498 -4.6865 -2.4371 
2088.00 -3.0110 -1.6618 -2.1012 -0.1848 -2.6551 
2089.00 -3.4787 -1.9023 -1.7631 -0.7949 -3.0066 
2090.00 -2.8922 -1.7094 -1.4872 -2.7904 -1.9836 
2091.00 -2.1822 -2.0838 -2.7534 -4.1265 -1.8752 
2092.00 -2.5769 -2.1658 -1.6350 -3.0305 -2.2738 
2093.00 -3.6504 -1.8611 -2.2692 -1.1377 -2.7647 
2094.00 -3.1355 -2.3255 -2.2429 -2.2300 -3.0600 
2095.00 -3.9764 -2.8172 -2.2117 -3.0310 -3.2667 
2096.00 -4.2201 -2.3861 -1.7395 -5.1921 -2.8269 
2097.00 -3.0156 -2.5353 -2.3527 -3.0580 -2.8324 
2098.00 -2.7663 -2.7333 -3.4578 -1.3736 -3.3046 
2099.00 -3.7447 -2.6620 -2.8471 -2.4860 -3.2932 
2100.00 -4.0345 -3.5758 -2.3489 -4.6321 -3.5356 
