YEAR  CanESM5  CNRM-ESM2-1  IPSL-CM6A-LR  
1850.00 286.5460 286.7290 285.8730       
1851.00 286.5630 286.7990 285.9120       
1852.00 286.5520 286.8430 285.9330       
1853.00 286.5770 286.7370 285.9230       
1854.00 286.5660 286.7560 285.9310       
1855.00 286.5790 286.7080 285.9370       
1856.00 286.6090 286.7240 285.9210       
1857.00 286.5780 286.7450 285.9380       
1858.00 286.5880 286.6580 285.9180       
1859.00 286.6320 286.7630 285.9620       
1860.00 286.6050 286.7740 285.9700       
1861.00 286.5500 286.7290 285.9190       
1862.00 286.5010 286.6780 285.8370       
1863.00 286.5130 286.7100 285.9020       
1864.00 286.5000 286.7990 285.9450       
1865.00 286.4940 286.7020 285.9490       
1866.00 286.5440 286.7390 285.9470       
1867.00 286.5790 286.7750 285.9770       
1868.00 286.5830 286.7650 285.9830       
1869.00 286.5940 286.7520 285.9850       
1870.00 286.5780 286.7780 285.9830       
1871.00 286.6170 286.7880 285.9810       
1872.00 286.6010 286.7720 286.0060       
1873.00 286.5700 286.7840 285.9730       
1874.00 286.5650 286.7580 285.9450       
1875.00 286.5810 286.7600 285.9610       
1876.00 286.6030 286.7420 285.9930       
1877.00 286.6160 286.8050 285.9610       
1878.00 286.6590 286.8160 285.9860       
1879.00 286.6560 286.7280 285.9920       
1880.00 286.6300 286.7520 286.0040       
1881.00 286.5820 286.8030 285.9830       
1882.00 286.5770 286.7640 286.0080       
1883.00 286.5420 286.7750 285.9770       
1884.00 286.2450 286.6410 285.6900       
1885.00 286.2920 286.6260 285.7300       
1886.00 286.3660 286.6880 285.8090       
1887.00 286.4210 286.6950 285.8570       
1888.00 286.4960 286.7170 285.9280       
1889.00 286.5250 286.7120 285.9350       
1890.00 286.5190 286.7340 285.9110       
1891.00 286.4860 286.7270 285.8550       
1892.00 286.4920 286.6700 285.8940       
1893.00 286.5420 286.7880 285.9450       
1894.00 286.5580 286.8490 286.0160       
1895.00 286.6290 286.7370 286.0080       
1896.00 286.6230 286.7740 285.9950       
1897.00 286.6110 286.7780 286.0240       
1898.00 286.6120 286.8170 286.0050       
1899.00 286.6220 286.7880 286.0140       
1900.00 286.6250 286.8120 286.0500       
1901.00 286.6430 286.8160 286.0480       
1902.00 286.6250 286.7620 286.0370       
1903.00 286.4490 286.6700 285.8560       
1904.00 286.4790 286.7220 285.9200       
1905.00 286.5430 286.6770 285.9700       
1906.00 286.5530 286.7220 285.9930       
1907.00 286.5560 286.8110 286.0030       
1908.00 286.5930 286.7600 286.0290       
1909.00 286.5900 286.8040 286.0090       
1910.00 286.5960 286.7870 286.0440       
1911.00 286.6680 286.8630 286.0670       
1912.00 286.5890 286.6970 286.0030       
1913.00 286.5250 286.7180 285.9650       
1914.00 286.5430 286.6970 286.0010       
1915.00 286.6380 286.7460 286.0190       
1916.00 286.5990 286.7530 286.0030       
1917.00 286.6720 286.8260 286.0840       
1918.00 286.7100 286.7870 286.1120       
1919.00 286.7270 286.8060 286.1310       
1920.00 286.7130 286.7930 286.1160       
1921.00 286.7200 286.8610 286.1230       
1922.00 286.7990 286.8210 286.0990       
1923.00 286.7670 286.8140 286.0950       
1924.00 286.7360 286.8030 286.1320       
1925.00 286.7840 286.7760 286.1400       
1926.00 286.7810 286.8330 286.1550       
1927.00 286.8010 286.8570 286.1800       
1928.00 286.8160 286.9180 286.2130       
1929.00 286.7830 286.8520 286.1560       
1930.00 286.7670 286.8270 286.1590       
1931.00 286.7760 286.9140 286.1880       
1932.00 286.8150 286.8120 286.1940       
1933.00 286.8040 286.7950 286.1830       
1934.00 286.7840 286.8180 286.1860       
1935.00 286.7980 286.7250 286.1880       
1936.00 286.7920 286.8430 286.2080       
1937.00 286.8440 286.7810 286.2100       
1938.00 286.8670 286.8680 286.2120       
1939.00 286.8860 286.7400 286.2190       
1940.00 286.8820 286.8190 286.2160       
1941.00 286.8750 286.8160 286.2330       
1942.00 286.8830 286.7990 286.2250       
1943.00 286.8670 286.7420 286.2330       
1944.00 286.8780 286.8330 286.2420       
1945.00 286.8390 286.7950 286.2370       
1946.00 286.8720 286.7680 286.2390       
1947.00 286.8880 286.8260 286.2870       
1948.00 286.8680 286.8340 286.3340       
1949.00 286.8830 286.8400 286.3100       
1950.00 286.9360 286.7790 286.3250       
1951.00 286.8980 286.7390 286.2900       
1952.00 286.8670 286.7500 286.2810       
1953.00 286.8680 286.7140 286.2840       
1954.00 286.8790 286.7740 286.2690       
1955.00 286.8790 286.8280 286.3130       
1956.00 286.8710 286.7480 286.3090       
1957.00 286.8990 286.8760 286.3610       
1958.00 286.9140 286.8850 286.3470       
1959.00 286.9410 286.8330 286.3130       
1960.00 286.9230 286.8270 286.3500       
1961.00 286.9340 286.9020 286.3340       
1962.00 286.8990 286.8160 286.3100       
1963.00 286.8100 286.7650 286.2730       
1964.00 286.7390 286.7150 286.1620       
1965.00 286.7630 286.7500 286.1840       
1966.00 286.7510 286.8300 286.2710       
1967.00 286.7020 286.8370 286.3310       
1968.00 286.7770 286.8150 286.3190       
1969.00 286.8090 286.8900 286.3300       
1970.00 286.8270 286.8080 286.3330       
1971.00 286.8380 286.8290 286.3200       
1972.00 286.8130 286.8070 286.3630       
1973.00 286.8570 286.8090 286.3810       
1974.00 286.9140 286.8750 286.3790       
1975.00 286.8600 286.8090 286.3510       
1976.00 286.8690 286.8790 286.3640       
1977.00 286.8980 286.9530 286.3650       
1978.00 286.9690 286.9370 286.4000       
1979.00 287.0030 286.8910 286.4520       
1980.00 287.0660 286.9480 286.4910       
1981.00 287.0740 286.9510 286.5020       
1982.00 287.0620 286.9600 286.5240       
1983.00 286.9840 286.8960 286.4050       
1984.00 287.0770 286.9200 286.4650       
1985.00 287.1500 286.9540 286.5070       
1986.00 287.1500 287.0720 286.5530       
1987.00 287.1690 287.0350 286.5820       
1988.00 287.2150 287.0520 286.6350       
1989.00 287.3190 287.1240 286.7280       
1990.00 287.3650 287.1380 286.7030       
1991.00 287.3820 287.0450 286.6640       
1992.00 287.1430 287.0300 286.4930       
1993.00 287.1750 287.0410 286.5410       
1994.00 287.2450 287.0560 286.5740       
1995.00 287.3640 287.0480 286.6360       
1996.00 287.4280 287.1980 286.7230       
1997.00 287.4350 287.1530 286.8090       
1998.00 287.5040 287.1570 286.8040       
1999.00 287.6260 287.2350 286.8660       
2000.00 287.7060 287.2770 286.9390       
2001.00 287.7850 287.2990 286.9620       
2002.00 287.8540 287.2340 286.9440       
2003.00 287.8920 287.3130 286.9820       
2004.00 287.8940 287.3360 287.0160       
2005.00 287.8660 287.3370 287.0430       
2006.00 287.8980 287.3540 287.0680       
2007.00 287.8990 287.4420 287.0560       
2008.00 287.9720 287.4670 287.0790       
2009.00 288.0220 287.4340 287.1510       
2010.00 288.0800 287.4480 287.1670       
2011.00 288.1290 287.4900 287.2100       
2012.00 288.1810 287.5010 287.1870       
2013.00 288.2280 287.5530 287.2270       
2014.00 288.2900 287.4630 287.2760       
2015.00 288.4320 287.5820 287.3100       
2016.00 288.4020 287.6960 287.4290       
2017.00 288.4630 287.6960 287.5110       
2018.00 288.5470 287.7040 287.5160       
2019.00 288.5670 287.6450 287.5120       
2020.00 288.6260 287.8090 287.5400       
2021.00 288.7270 287.8690 287.5930       
2022.00 288.7480 287.8540 287.4840       
2023.00 288.7330 287.9540 287.5030       
2024.00 288.7930 287.9070 287.6720       
2025.00 288.8330 287.9230 287.7460       
2026.00 288.8720 288.0510 287.6820       
2027.00 289.0010 288.0500 287.6720       
2028.00 288.9740 288.0060 287.7780       
2029.00 288.9660 288.0770 287.7870       
2030.00 289.1340 288.0830 287.8160       
2031.00 289.1950 288.0100 287.7960       
2032.00 289.1920 288.0710 287.9100       
2033.00 289.2470 288.1350 287.9410       
2034.00 289.2870 288.1680 288.0280       
2035.00 289.3930 288.2100 288.0310       
2036.00 289.3680 288.2530 288.0920       
2037.00 289.4870 288.2850 288.0740       
2038.00 289.5230 288.3420 288.1170       
2039.00 289.5220 288.4020 288.0540       
2040.00 289.5940 288.4180 288.0660       
2041.00 289.6450 288.3740 288.2700       
2042.00 289.6820 288.4170 288.2510       
2043.00 289.7560 288.5210 288.2740       
2044.00 289.7750 288.5600 288.3820       
2045.00 289.7860 288.6030 288.4710       
2046.00 289.8770 288.5750 288.5100       
2047.00 289.9770 288.6010 288.6250       
2048.00 289.9870 288.6300 288.6710       
2049.00 290.0170 288.6790 288.5800       
2050.00 290.0960 288.6890 288.6050       
2051.00 290.0420 288.7260 288.6350       
2052.00 290.1420 288.7750 288.5990       
2053.00 290.1480 288.7980 288.5860       
2054.00 290.2210 288.8570 288.7290       
2055.00 290.1970 288.8570 288.8750       
2056.00 290.3270 288.9540 288.9000       
2057.00 290.4210 288.9750 288.8720       
2058.00 290.3940 288.9750 289.0000       
2059.00 290.3740 289.0720 289.0830       
2060.00 290.5180 289.1130 289.0500       
2061.00 290.6110 289.1900 289.0080       
2062.00 290.6790 289.2730 289.0750       
2063.00 290.6510 289.2410 289.1150       
2064.00 290.7900 289.2940 289.1000       
2065.00 290.7750 289.1850 289.1060       
2066.00 290.7280 289.2970 289.1660       
2067.00 290.7500 289.3650 289.2670       
2068.00 290.9330 289.3660 289.3600       
2069.00 290.9460 289.4750 289.2710       
2070.00 290.9980 289.4770 289.3060       
2071.00 290.9390 289.5040 289.4480       
2072.00 291.0020 289.5710 289.5690       
2073.00 291.0700 289.6900 289.4890       
2074.00 291.1520 289.6100 289.5740       
2075.00 291.2010 289.6560 289.5230       
2076.00 291.1850 289.7630 289.5610       
2077.00 291.2550 289.7340 289.7680       
2078.00 291.3470 289.7870 289.7640       
2079.00 291.4110 289.8190 289.6870       
2080.00 291.3370 289.8900 289.7620       
2081.00 291.3180 289.9010 289.8100       
2082.00 291.3670 289.8930 289.9140       
2083.00 291.4470 289.9910 289.7920       
2084.00 291.4840 290.0190 289.8970       
2085.00 291.5420 290.0670 289.9100       
2086.00 291.5220 290.1690 289.9320       
2087.00 291.5950 290.1270 289.9650       
2088.00 291.6320 290.1210 289.9360       
2089.00 291.6860 290.1880 289.9750       
2090.00 291.7390 290.2480 289.9840       
2091.00 291.7390 290.2120 290.0650       
2092.00 291.7690 290.2960 290.0200       
2093.00 291.7890 290.3570 290.0820       
2094.00 291.9060 290.3770 290.1290       
2095.00 291.8460 290.4400 290.1810       
2096.00 291.8150 290.4610 290.1820       
2097.00 291.8530 290.4350 290.2140       
2098.00 291.9390 290.5060 290.2910       
2099.00 292.0030 290.5350 290.3470       
2100.00 291.9610 290.6390 290.2490       
