YEAR   CanESM5   CNRM-ESM2-1   IPSL-CM6A-LR   MIROC-ES2L   UKESM1-0-LL 
1850.00 286.5460 286.7290 285.8730 288.1130 286.5340 
1851.00 286.5630 286.7990 285.9120 288.1340 286.5430 
1852.00 286.5520 286.8430 285.9330 288.1550 286.5320 
1853.00 286.5770 286.7370 285.9230 288.1680 286.5800 
1854.00 286.5660 286.7560 285.9310 288.1050 286.5710 
1855.00 286.5790 286.7080 285.9370 288.1690 286.5440 
1856.00 286.6090 286.7240 285.9210 288.2790 286.5880 
1857.00 286.5780 286.7450 285.9380 288.2790 286.5620 
1858.00 286.5880 286.6580 285.9180 288.1390 286.5990 
1859.00 286.6320 286.7630 285.9620 288.1880 286.6320 
1860.00 286.6050 286.7740 285.9700 288.2520 286.6230 
1861.00 286.5500 286.7290 285.9190 288.1840 286.5440 
1862.00 286.5010 286.6780 285.8370 288.1350 286.5050 
1863.00 286.5130 286.7100 285.9020 288.1390 286.5160 
1864.00 286.5000 286.7990 285.9450 288.1990 286.5350 
1865.00 286.4940 286.7020 285.9490 288.3640 286.5260 
1866.00 286.5440 286.7390 285.9470 288.2150 286.5630 
1867.00 286.5790 286.7750 285.9770 288.0910 286.5590 
1868.00 286.5830 286.7650 285.9830 288.1050 286.5440 
1869.00 286.5940 286.7520 285.9850 288.2170 286.5410 
1870.00 286.5780 286.7780 285.9830 288.2700 286.5420 
1871.00 286.6170 286.7880 285.9810 288.2820 286.5460 
1872.00 286.6010 286.7720 286.0060 288.3280 286.5730 
1873.00 286.5700 286.7840 285.9730 288.1820 286.5610 
1874.00 286.5650 286.7580 285.9450 288.1360 286.5560 
1875.00 286.5810 286.7600 285.9610 288.2750 286.5100 
1876.00 286.6030 286.7420 285.9930 288.3740 286.5050 
1877.00 286.6160 286.8050 285.9610 288.2710 286.5310 
1878.00 286.6590 286.8160 285.9860 288.1450 286.5490 
1879.00 286.6560 286.7280 285.9920 288.1950 286.5190 
1880.00 286.6300 286.7520 286.0040 288.2100 286.5330 
1881.00 286.5820 286.8030 285.9830 288.2140 286.5380 
1882.00 286.5770 286.7640 286.0080 288.2110 286.4960 
1883.00 286.5420 286.7750 285.9770 288.1580 286.4960 
1884.00 286.2450 286.6410 285.6900 287.9620 286.2780 
1885.00 286.2920 286.6260 285.7300 287.9920 286.3200 
1886.00 286.3660 286.6880 285.8090 288.0100 286.3840 
1887.00 286.4210 286.6950 285.8570 288.0960 286.4060 
1888.00 286.4960 286.7170 285.9280 288.1700 286.4440 
1889.00 286.5250 286.7120 285.9350 288.1000 286.4720 
1890.00 286.5190 286.7340 285.9110 288.0980 286.4640 
1891.00 286.4860 286.7270 285.8550 288.0060 286.4320 
1892.00 286.4920 286.6700 285.8940 288.1160 286.4630 
1893.00 286.5420 286.7880 285.9450 288.0980 286.4860 
1894.00 286.5580 286.8490 286.0160 288.0510 286.5140 
1895.00 286.6290 286.7370 286.0080 288.1640 286.5300 
1896.00 286.6230 286.7740 285.9950 288.1590 286.5240 
1897.00 286.6110 286.7780 286.0240 288.1900 286.5200 
1898.00 286.6120 286.8170 286.0050 288.2090 286.5510 
1899.00 286.6220 286.7880 286.0140 288.1590 286.5110 
1900.00 286.6250 286.8120 286.0500 288.2130 286.4880 
1901.00 286.6430 286.8160 286.0480 288.2590 286.4760 
1902.00 286.6250 286.7620 286.0370 288.3050 286.5510 
1903.00 286.4490 286.6700 285.8560 287.9930 286.3860 
1904.00 286.4790 286.7220 285.9200 288.1180 286.3760 
1905.00 286.5430 286.6770 285.9700 288.1530 286.4360 
1906.00 286.5530 286.7220 285.9930 288.0960 286.4860 
1907.00 286.5560 286.8110 286.0030 288.1510 286.4420 
1908.00 286.5930 286.7600 286.0290 288.1820 286.4810 
1909.00 286.5900 286.8040 286.0090 288.1940 286.4370 
1910.00 286.5960 286.7870 286.0440 288.2940 286.4650 
1911.00 286.6680 286.8630 286.0670 288.3190 286.5380 
1912.00 286.5890 286.6970 286.0030 288.1790 286.4650 
1913.00 286.5250 286.7180 285.9650 288.0230 286.4310 
1914.00 286.5430 286.6970 286.0010 288.0940 286.4140 
1915.00 286.6380 286.7460 286.0190 288.2610 286.4410 
1916.00 286.5990 286.7530 286.0030 288.2490 286.4870 
1917.00 286.6720 286.8260 286.0840 288.2180 286.4530 
1918.00 286.7100 286.7870 286.1120 288.1120 286.5220 
1919.00 286.7270 286.8060 286.1310 288.2480 286.5130 
1920.00 286.7130 286.7930 286.1160 288.3710 286.5110 
1921.00 286.7200 286.8610 286.1230 288.1860 286.5060 
1922.00 286.7990 286.8210 286.0990 288.1740 286.5510 
1923.00 286.7670 286.8140 286.0950 288.1920 286.5400 
1924.00 286.7360 286.8030 286.1320 288.3430 286.5630 
1925.00 286.7840 286.7760 286.1400 288.3010 286.5760 
1926.00 286.7810 286.8330 286.1550 288.2180 286.5810 
1927.00 286.8010 286.8570 286.1800 288.2660 286.5660 
1928.00 286.8160 286.9180 286.2130 288.2960 286.5320 
1929.00 286.7830 286.8520 286.1560 288.4030 286.4730 
1930.00 286.7670 286.8270 286.1590 288.4120 286.5690 
1931.00 286.7760 286.9140 286.1880 288.2040 286.5290 
1932.00 286.8150 286.8120 286.1940 288.2120 286.5260 
1933.00 286.8040 286.7950 286.1830 288.2220 286.5570 
1934.00 286.7840 286.8180 286.1860 288.3190 286.5490 
1935.00 286.7980 286.7250 286.1880 288.4330 286.5210 
1936.00 286.7920 286.8430 286.2080 288.3480 286.5500 
1937.00 286.8440 286.7810 286.2100 288.2640 286.5670 
1938.00 286.8670 286.8680 286.2120 288.3400 286.5670 
1939.00 286.8860 286.7400 286.2190 288.5140 286.5930 
1940.00 286.8820 286.8190 286.2160 288.5830 286.5630 
1941.00 286.8750 286.8160 286.2330 288.3280 286.5490 
1942.00 286.8830 286.7990 286.2250 288.2580 286.5440 
1943.00 286.8670 286.7420 286.2330 288.2680 286.5560 
1944.00 286.8780 286.8330 286.2420 288.5500 286.6140 
1945.00 286.8390 286.7950 286.2370 288.5480 286.6150 
1946.00 286.8720 286.7680 286.2390 288.3580 286.6220 
1947.00 286.8880 286.8260 286.2870 288.3070 286.5930 
1948.00 286.8680 286.8340 286.3340 288.4670 286.5960 
1949.00 286.8830 286.8400 286.3100 288.5170 286.5630 
1950.00 286.9360 286.7790 286.3250 288.3190 286.5710 
1951.00 286.8980 286.7390 286.2900 288.1910 286.6120 
1952.00 286.8670 286.7500 286.2810 288.3250 286.6220 
1953.00 286.8680 286.7140 286.2840 288.5710 286.5460 
1954.00 286.8790 286.7740 286.2690 288.4260 286.5850 
1955.00 286.8790 286.8280 286.3130 288.2870 286.5370 
1956.00 286.8710 286.7480 286.3090 288.3570 286.5200 
1957.00 286.8990 286.8760 286.3610 288.4620 286.5470 
1958.00 286.9140 286.8850 286.3470 288.4760 286.5770 
1959.00 286.9410 286.8330 286.3130 288.2500 286.5390 
1960.00 286.9230 286.8270 286.3500 288.2550 286.5270 
1961.00 286.9340 286.9020 286.3340 288.3710 286.4810 
1962.00 286.8990 286.8160 286.3100 288.3340 286.4980 
1963.00 286.8100 286.7650 286.2730 288.2580 286.4220 
1964.00 286.7390 286.7150 286.1620 288.1380 286.3040 
1965.00 286.7630 286.7500 286.1840 288.1680 286.3110 
1966.00 286.7510 286.8300 286.2710 288.3320 286.3500 
1967.00 286.7020 286.8370 286.3310 288.3190 286.3110 
1968.00 286.7770 286.8150 286.3190 288.2380 286.2810 
1969.00 286.8090 286.8900 286.3300 288.3200 286.2920 
1970.00 286.8270 286.8080 286.3330 288.2940 286.3340 
1971.00 286.8380 286.8290 286.3200 288.2740 286.3640 
1972.00 286.8130 286.8070 286.3630 288.2680 286.3840 
1973.00 286.8570 286.8090 286.3810 288.2100 286.3540 
1974.00 286.9140 286.8750 286.3790 288.3710 286.3750 
1975.00 286.8600 286.8090 286.3510 288.5200 286.3450 
1976.00 286.8690 286.8790 286.3640 288.3960 286.3430 
1977.00 286.8980 286.9530 286.3650 288.1960 286.3770 
1978.00 286.9690 286.9370 286.4000 288.2520 286.4130 
1979.00 287.0030 286.8910 286.4520 288.4310 286.4860 
1980.00 287.0660 286.9480 286.4910 288.5610 286.5130 
1981.00 287.0740 286.9510 286.5020 288.4210 286.5200 
1982.00 287.0620 286.9600 286.5240 288.3070 286.5330 
1983.00 286.9840 286.8960 286.4050 288.3330 286.4590 
1984.00 287.0770 286.9200 286.4650 288.3830 286.5150 
1985.00 287.1500 286.9540 286.5070 288.4980 286.5040 
1986.00 287.1500 287.0720 286.5530 288.5340 286.5510 
1987.00 287.1690 287.0350 286.5820 288.4830 286.5280 
1988.00 287.2150 287.0520 286.6350 288.5390 286.6220 
1989.00 287.3190 287.1240 286.7280 288.4500 286.6950 
1990.00 287.3650 287.1380 286.7030 288.5000 286.7230 
1991.00 287.3820 287.0450 286.6640 288.6550 286.6820 
1992.00 287.1430 287.0300 286.4930 288.4220 286.4470 
1993.00 287.1750 287.0410 286.5410 288.3720 286.4930 
1994.00 287.2450 287.0560 286.5740 288.3590 286.5720 
1995.00 287.3640 287.0480 286.6360 288.4450 286.6630 
1996.00 287.4280 287.1980 286.7230 288.6080 286.7770 
1997.00 287.4350 287.1530 286.8090 288.7580 286.8500 
1998.00 287.5040 287.1570 286.8040 288.6490 286.9380 
1999.00 287.6260 287.2350 286.8660 288.5560 286.9680 
2000.00 287.7060 287.2770 286.9390 288.6490 287.0370 
2001.00 287.7850 287.2990 286.9620 288.7970 287.0750 
2002.00 287.8540 287.2340 286.9440 288.8220 287.1280 
2003.00 287.8920 287.3130 286.9820 288.8550 287.1710 
2004.00 287.8940 287.3360 287.0160 288.8500 287.1790 
2005.00 287.8660 287.3370 287.0430 288.8440 287.1770 
2006.00 287.8980 287.3540 287.0680 288.8190 287.1930 
2007.00 287.8990 287.4420 287.0560 288.8990 287.2600 
2008.00 287.9720 287.4670 287.0790 288.9180 287.3040 
2009.00 288.0220 287.4340 287.1510 288.8730 287.3070 
2010.00 288.0800 287.4480 287.1670 288.9100 287.3820 
2011.00 288.1290 287.4900 287.2100 288.9410 287.4610 
2012.00 288.1810 287.5010 287.1870 289.0040 287.4640 
2013.00 288.2280 287.5530 287.2270 288.9730 287.5270 
2014.00 288.2900 287.4630 287.2760 288.9570 287.5980 
2015.00 288.3080 287.5900 287.3240 289.3000 287.6690 
2016.00 288.3310 287.6910 287.3820 288.9030 287.7570 
2017.00 288.3720 287.7210 287.5240 288.7820 287.7110 
2018.00 288.3850 287.7860 287.4310 288.9320 287.7200 
2019.00 288.4370 287.6980 287.4330 289.1230 287.7520 
2020.00 288.5280 287.8880 287.5500 289.4640 287.8650 
2021.00 288.5570 287.9060 287.4850 289.1150 287.8670 
2022.00 288.6150 287.8210 287.5710 289.0410 287.8850 
2023.00 288.6340 287.9570 287.5500 289.0820 288.0070 
2024.00 288.6840 288.0600 287.5890 289.3160 288.1780 
2025.00 288.7120 287.9750 287.7980 289.4910 288.2520 
2026.00 288.7460 288.0260 287.8240 289.5480 288.2210 
2027.00 288.7690 287.9780 287.7640 289.2140 288.2310 
2028.00 288.8170 288.0870 287.6840 289.3040 288.2660 
2029.00 288.8570 288.0820 287.7540 289.4320 288.3030 
2030.00 288.8890 288.1270 287.8050 289.5760 288.3310 
2031.00 288.8830 288.1440 287.8250 289.8040 288.3580 
2032.00 288.9190 288.1780 287.8030 289.4790 288.4160 
2033.00 288.9660 288.1990 287.9400 289.3900 288.4920 
2034.00 288.9450 288.2720 287.9420 289.6110 288.5030 
2035.00 288.9820 288.2290 287.9350 289.7760 288.4550 
2036.00 288.9870 288.1910 287.9610 289.8820 288.5360 
2037.00 288.9940 288.2930 288.1210 289.6200 288.5850 
2038.00 289.0390 288.3740 288.0990 289.4300 288.5790 
2039.00 289.0830 288.3410 288.0960 289.5020 288.6180 
2040.00 289.0500 288.3470 288.1380 289.6310 288.6210 
2041.00 289.0350 288.2800 288.0830 289.8840 288.5700 
2042.00 289.0730 288.3710 288.0630 289.5460 288.5850 
2043.00 289.0700 288.2400 288.0850 289.3150 288.6920 
2044.00 289.0420 288.2490 288.0740 289.5970 288.7640 
2045.00 289.0780 288.3370 288.0930 289.9110 288.7160 
2046.00 289.0910 288.2910 288.1320 289.6860 288.7240 
2047.00 289.1100 288.3620 288.1160 289.5240 288.7320 
2048.00 289.1220 288.3690 288.2430 289.4510 288.7040 
2049.00 289.1120 288.3270 288.2000 289.5740 288.6830 
2050.00 289.0950 288.3340 288.0300 289.7880 288.6640 
2051.00 289.0830 288.3780 288.0340 289.5710 288.6360 
2052.00 289.0560 288.3950 288.0640 289.4410 288.7210 
2053.00 289.0660 288.2570 288.2560 289.5630 288.7760 
2054.00 289.0700 288.2550 288.1800 289.7360 288.7120 
2055.00 289.0360 288.3050 288.1020 289.5460 288.8030 
2056.00 289.0410 288.3440 288.1630 289.4200 288.8830 
2057.00 289.0760 288.3320 288.2060 289.5400 288.8210 
2058.00 289.0910 288.3610 288.1200 289.6430 288.7090 
2059.00 289.0490 288.2970 288.0810 289.7750 288.7560 
2060.00 289.0660 288.3790 288.1260 289.4570 288.8000 
2061.00 289.0130 288.3100 288.0570 289.3980 288.7450 
2062.00 289.0290 288.2840 288.0340 289.6220 288.7610 
2063.00 289.0180 288.3290 288.0010 289.7900 288.7810 
2064.00 289.0340 288.2880 288.0900 289.4180 288.8420 
2065.00 289.0500 288.2980 288.0690 289.2890 288.8230 
2066.00 289.0220 288.2810 288.0350 289.3830 288.8490 
2067.00 288.9940 288.3840 288.0070 289.7210 288.7940 
2068.00 289.0130 288.3850 287.9540 289.6840 288.8640 
2069.00 289.0110 288.3560 287.9850 289.3730 288.8820 
2070.00 288.9950 288.3740 287.9840 289.2850 288.7770 
2071.00 289.0560 288.3790 288.0160 289.3490 288.7380 
2072.00 289.0130 288.3530 288.0160 289.5580 288.6590 
2073.00 288.9870 288.3510 288.0300 289.7800 288.6830 
2074.00 288.9510 288.3450 287.9710 289.3690 288.7980 
2075.00 288.9610 288.4000 287.8890 289.3060 288.8000 
2076.00 288.9550 288.3840 287.9890 289.4200 288.7390 
2077.00 288.9690 288.4070 287.8700 289.5480 288.7410 
2078.00 288.9540 288.4000 287.8210 289.6640 288.7740 
2079.00 288.9550 288.3810 287.8750 289.2730 288.7890 
2080.00 288.9170 288.4190 287.8740 289.1300 288.7690 
2081.00 288.9170 288.3500 287.8410 289.2930 288.7350 
2082.00 288.9070 288.4010 287.8090 289.5830 288.8250 
2083.00 288.8800 288.3470 287.9300 289.4760 288.8550 
2084.00 288.8960 288.3750 287.9610 289.3310 288.8110 
2085.00 288.8890 288.4120 287.8400 289.2520 288.7360 
2086.00 288.8340 288.3700 287.7500 289.6090 288.7610 
2087.00 288.8690 288.4110 287.8160 289.5110 288.7370 
2088.00 288.8740 288.3900 287.8770 289.1920 288.7260 
2089.00 288.8620 288.3860 287.7060 289.2640 288.7670 
2090.00 288.8390 288.3210 287.6750 289.5370 288.7120 
2091.00 288.7740 288.4050 287.7910 289.7350 288.7140 
2092.00 288.7700 288.3350 287.6820 289.4200 288.6670 
2093.00 288.8070 288.3540 287.7130 289.2570 288.7270 
2094.00 288.8190 288.3730 287.7890 289.3640 288.7750 
2095.00 288.8300 288.3710 287.7600 289.5000 288.7570 
2096.00 288.8000 288.3670 287.6600 289.5480 288.7790 
2097.00 288.7330 288.3320 287.7180 289.1920 288.7320 
2098.00 288.7200 288.3280 287.7760 289.1550 288.7390 
2099.00 288.7440 288.3500 287.7880 289.3580 288.6970 
2100.00 288.7430 288.4090 287.7120 289.6410 288.7160 
